0 0.655051 0.0872302 0.0191919 0.0701439
0 0.544949 0.795863 0.0191919 0.0845324
0 0.560606 0.0494604 0.0181818 0.0593525
0 0.45 0.0881295 0.0151515 0.0359712
0 0.454545 0.0638489 0.0242424 0.0809353
0 0.69798 0.690647 0.0363636 0.0611511
0 0.634343 0.876799 0.0181818 0.0593525
0 0.217172 0.645683 0.020202 0.0395683
0 0.837374 0.553058 0.0222222 0.0557554
0 0.328788 0.18705 0.0212121 0.0683453
0 0.462121 0.0620504 0.0232323 0.073741
0 0.485354 0.0989209 0.0171717 0.0431655
0 0.139899 0.479317 0.0313131 0.0485612
0 0.457071 0.386691 0.0191919 0.0503597
0 0.334343 0.592626 0.0343434 0.0953237
0 0.571212 0.386691 0.0232323 0.0611511
0 0.416162 0.388489 0.0242424 0.0683453
0 0.59596 0.518885 0.0343434 0.0845324
