0 0.0745833 0.856349 0.114167 0.268254
0 0.581667 0.535714 0.0983333 0.334921
0 0.522083 0.907937 0.0375 0.149206
0 0.9225 0.884921 0.095 0.204762
0 0.395417 0.0714286 0.0858333 0.142857
0 0.085 0.465873 0.103333 0.207937
0 0.751667 0.161905 0.106667 0.250794
0 0.251667 0.125397 0.113333 0.244444
0 0.92125 0.519841 0.105833 0.249206
0 0.584167 0.123016 0.106667 0.233333
0 0.753333 0.516667 0.113333 0.271429
0 0.919167 0.104762 0.095 0.209524
0 0.250833 0.863492 0.106667 0.225397
0 0.415833 0.838095 0.1 0.209524
0 0.0833333 0.124603 0.108333 0.230159
0 0.255417 0.481746 0.1175 0.25873
0 0.419583 0.474603 0.119167 0.250794
0 0.754583 0.860317 0.1225 0.266667
0 0.583333 0.848413 0.126667 0.296825
