0 0.467969 0.586111 0.0171875 0.0814815
3 0.595052 0.624074 0.0223958 0.0777778
0 0.594792 0.621296 0.021875 0.0796296
0 0.0328125 0.639352 0.028125 0.165741
2 0.498437 0.587037 0.0354167 0.0481481
0 0.184635 0.589815 0.0182292 0.0611111
0 0.0304688 0.622222 0.0244792 0.125926
0 0.103385 0.628241 0.0223958 0.106481
1 0.177344 0.674537 0.100521 0.113889
2 0.534375 0.666204 0.0791667 0.123148
0 0.985417 0.80463 0.0291667 0.385185
0 0.0765625 0.65463 0.04375 0.181481
0 0.873177 0.668519 0.0359375 0.157407
0 0.307552 0.769907 0.0713542 0.336111
